2.7565006197435666 2.705299659280705
[0.    0.004 0.007 0.011 0.019 0.019 0.021 0.018 0.037 0.034 0.024 0.038
 0.04  0.052 0.046 0.063 0.051 0.069 0.064 0.083 0.071 0.051 0.059 0.038
 0.042 0.018 0.01  0.008 0.003 0.    0.    0.    0.    0.    0.    0.
 0.    0.    0.    0.    0.    0.    0.    0.    0.    0.    0.    0.
 0.    0.    0.    0.    0.    0.    0.    0.   ] [0.    0.004 0.007 0.011 0.019 0.019 0.021 0.018 0.037 0.034 0.024 0.038
 0.04  0.052 0.046 0.063 0.051 0.069 0.064 0.083 0.071 0.051 0.059 0.038
 0.042 0.018 0.01  0.008 0.003 0.    0.    0.    0.    0.    0.    0.
 0.    0.    0.    0.    0.    0.    0.    0.    0.    0.    0.    0.
 0.    0.    0.    0.    0.    0.    0.    0.   ] [0.    0.004 0.007 0.011 0.019 0.019 0.021 0.018 0.037 0.034 0.024 0.038
 0.04  0.052 0.046 0.063 0.051 0.069 0.064 0.083 0.071 0.051 0.059 0.038
 0.042 0.018 0.01  0.008 0.003 0.    0.    0.    0.    0.    0.    0.
 0.    0.    0.    0.    0.    0.    0.    0.    0.    0.    0.    0.
 0.    0.    0.    0.    0.    0.    0.    0.   ] [0.    0.004 0.007 0.011 0.019 0.019 0.021 0.018 0.037 0.034 0.024 0.038
 0.04  0.052 0.046 0.063 0.051 0.069 0.064 0.083 0.071 0.051 0.059 0.038
 0.042 0.018 0.01  0.008 0.003 0.    0.    0.    0.    0.    0.    0.
 0.    0.    0.    0.    0.    0.    0.    0.    0.    0.    0.    0.
 0.    0.    0.    0.    0.    0.    0.    0.   ] [0.    0.004 0.007 0.011 0.019 0.019 0.021 0.018 0.037 0.034 0.024 0.038
 0.04  0.052 0.046 0.063 0.051 0.069 0.064 0.083 0.071 0.051 0.059 0.038
 0.042 0.018 0.01  0.008 0.003 0.    0.    0.    0.    0.    0.    0.
 0.    0.    0.    0.    0.    0.    0.    0.    0.    0.    0.    0.
 0.    0.    0.    0.    0.    0.    0.    0.   ] [0.    0.004 0.007 0.011 0.019 0.019 0.021 0.018 0.037 0.034 0.024 0.038
 0.04  0.052 0.046 0.063 0.051 0.07  0.063 0.083 0.071 0.051 0.059 0.038
 0.042 0.018 0.01  0.008 0.003 0.    0.    0.    0.    0.    0.    0.
 0.    0.    0.    0.    0.    0.    0.    0.    0.    0.    0.    0.
 0.    0.    0.    0.    0.    0.    0.    0.   ] [0.    0.004 0.007 0.011 0.019 0.019 0.021 0.018 0.037 0.034 0.024 0.038
 0.04  0.052 0.046 0.063 0.051 0.07  0.063 0.083 0.071 0.051 0.059 0.038
 0.042 0.018 0.01  0.008 0.003 0.    0.    0.    0.    0.    0.    0.
 0.    0.    0.    0.    0.    0.    0.    0.    0.    0.    0.    0.
 0.    0.    0.    0.    0.    0.    0.    0.   ] [0.    0.004 0.007 0.011 0.019 0.019 0.021 0.018 0.037 0.034 0.024 0.038
 0.04  0.052 0.046 0.063 0.051 0.07  0.063 0.083 0.071 0.051 0.059 0.038
 0.042 0.018 0.01  0.008 0.003 0.    0.    0.    0.    0.    0.    0.
 0.    0.    0.    0.    0.    0.    0.    0.    0.    0.    0.    0.
 0.    0.    0.    0.    0.    0.    0.    0.   ] [0.    0.004 0.007 0.011 0.019 0.019 0.021 0.018 0.037 0.034 0.024 0.038
 0.04  0.052 0.046 0.063 0.051 0.07  0.063 0.083 0.071 0.051 0.059 0.038
 0.042 0.018 0.01  0.008 0.003 0.    0.    0.    0.    0.    0.    0.
 0.    0.    0.    0.    0.    0.    0.    0.    0.    0.    0.    0.
 0.    0.    0.    0.    0.    0.    0.    0.   ] [0.    0.004 0.007 0.011 0.019 0.019 0.021 0.018 0.037 0.034 0.024 0.038
 0.04  0.052 0.046 0.063 0.051 0.07  0.063 0.083 0.071 0.051 0.059 0.038
 0.042 0.018 0.01  0.008 0.003 0.    0.    0.    0.    0.    0.    0.
 0.    0.    0.    0.    0.    0.    0.    0.    0.    0.    0.    0.
 0.    0.    0.    0.    0.    0.    0.    0.   ] [0.    0.004 0.007 0.011 0.019 0.019 0.021 0.018 0.037 0.034 0.024 0.038
 0.04  0.052 0.046 0.063 0.051 0.07  0.063 0.083 0.071 0.051 0.059 0.038
 0.042 0.018 0.01  0.008 0.003 0.    0.    0.    0.    0.    0.    0.
 0.    0.    0.    0.    0.    0.    0.    0.    0.    0.    0.    0.
 0.    0.    0.    0.    0.    0.    0.    0.   ] [0.    0.004 0.007 0.011 0.019 0.019 0.021 0.018 0.037 0.034 0.024 0.038
 0.04  0.052 0.046 0.063 0.051 0.07  0.063 0.083 0.071 0.051 0.059 0.038
 0.042 0.018 0.01  0.008 0.003 0.    0.    0.    0.    0.    0.    0.
 0.    0.    0.    0.    0.    0.    0.    0.    0.    0.    0.    0.
 0.    0.    0.    0.    0.    0.    0.    0.   ] [0.    0.004 0.007 0.011 0.019 0.019 0.021 0.018 0.037 0.034 0.024 0.038
 0.04  0.052 0.046 0.063 0.051 0.07  0.063 0.083 0.071 0.051 0.059 0.038
 0.042 0.018 0.01  0.008 0.003 0.    0.    0.    0.    0.    0.    0.
 0.    0.    0.    0.    0.    0.    0.    0.    0.    0.    0.    0.
 0.    0.    0.    0.    0.    0.    0.    0.   ] [0.    0.004 0.007 0.011 0.019 0.019 0.021 0.018 0.037 0.034 0.024 0.038
 0.04  0.052 0.046 0.063 0.051 0.07  0.063 0.083 0.071 0.051 0.059 0.038
 0.042 0.018 0.01  0.008 0.003 0.    0.    0.    0.    0.    0.    0.
 0.    0.    0.    0.    0.    0.    0.    0.    0.    0.    0.    0.
 0.    0.    0.    0.    0.    0.    0.    0.   ] 